data/latest.grid
ncols 886
nrows 691
xllcenter 112.0000
yllcenter -44.5000
cellsize 0.0500
nodata_value 99999.90
[rows 340 to 373 of 691, columns 462 to 538 of 886]
34.42 34.46 34.41 34.48 34.48 34.57 34.69 34.72 34.75 34.78 34.71 34.65 34.75 34.92 34.97 35.08 35.17 35.22 35.28 35.31 35.34 35.41 35.43 35.47 35.41 35.51 35.58 35.61 35.60 35.65 35.63 35.72 35.70 35.73 35.73 35.77 35.81 35.78 35.87 35.92 35.89 35.93 35.90 35.96 35.99 35.99 36.02 36.00 36.04 36.01 36.06 36.07 36.03 36.13 36.06 36.10 36.09 36.08 36.13 36.10 36.09 36.13 36.03 36.09 36.14 36.14 36.16 36.17 36.17 36.17 36.17 36.18 36.18 36.18 36.18 36.19 36.16
34.40 34.37 34.44 34.47 34.44 34.61 34.69 34.71 34.78 34.79 34.69 34.48 34.83 34.91 35.05 35.10 35.17 35.18 35.24 35.27 35.29 35.35 35.37 35.41 35.48 35.53 35.53 35.58 35.63 35.65 35.63 35.68 35.71 35.73 35.76 35.77 35.83 35.77 35.80 35.84 35.93 35.92 35.96 35.92 35.94 35.99 35.98 35.97 35.94 36.01 36.02 36.11 36.07 36.00 36.04 36.08 36.09 36.10 36.08 36.13 36.08 36.08 36.06 36.05 36.10 36.06 36.12 36.09 36.08 36.13 36.13 36.15 36.14 36.14 36.16 36.12 36.09
34.40 34.40 34.44 34.45 34.44 34.55 34.67 34.68 34.76 34.71 34.72 34.46 34.52 34.96 35.04 35.11 35.12 35.16 35.17 35.20 35.25 35.30 35.36 35.41 35.45 35.48 35.52 35.57 35.63 35.64 35.65 35.68 35.72 35.77 35.80 35.80 35.78 35.84 35.81 35.89 35.89 35.83 35.96 35.92 35.93 35.95 35.99 35.94 35.92 35.97 36.12 36.02 36.02 36.08 36.12 36.04 36.09 36.05 36.11 36.09 36.08 36.08 36.10 36.04 36.12 36.09 36.09 36.08 36.11 36.11 36.11 36.13 36.10 36.12 36.09 36.04 35.99
34.34 34.43 34.50 34.50 34.57 34.55 34.67 34.68 34.77 34.84 34.83 34.81 34.91 34.98 34.83 34.99 35.11 35.14 35.19 35.22 35.28 35.31 35.36 35.40 35.44 35.48 35.51 35.57 35.58 35.63 35.62 35.69 35.71 35.71 35.76 35.79 35.78 35.82 35.89 35.89 35.92 35.92 35.90 35.95 35.93 35.95 35.97 36.03 35.99 35.95 36.11 36.00 35.98 35.97 35.97 36.12 36.02 36.05 36.03 36.01 36.06 36.06 36.06 36.08 36.06 36.06 36.03 36.05 36.08 36.07 36.08 36.09 36.07 36.05 36.03 35.95 35.87
34.26 34.38 34.42 34.50 34.53 34.40 34.58 34.72 34.75 34.85 34.89 34.90 34.95 35.00 35.01 34.99 35.00 35.05 35.14 35.15 35.22 35.22 35.28 35.34 35.39 35.47 35.57 35.53 35.57 35.62 35.63 35.69 35.67 35.70 35.70 35.71 35.80 35.84 35.85 35.82 35.91 35.86 35.90 35.94 35.96 35.97 36.01 36.00 35.96 35.89 36.03 35.96 35.94 35.92 36.00 36.04 36.10 36.11 36.08 36.04 36.07 36.04 36.01 36.05 36.08 36.01 36.03 36.02 36.05 36.06 36.07 36.06 36.05 36.04 35.99 35.88 35.81
34.36 34.41 34.51 34.52 34.33 34.47 34.58 34.71 34.78 34.81 34.62 34.88 34.70 34.85 34.73 34.89 34.81 34.93 34.97 35.03 35.11 35.15 35.16 35.26 35.38 35.45 35.50 35.56 35.59 35.63 35.65 35.70 35.67 35.68 35.69 35.73 35.81 35.79 35.84 35.83 35.81 35.91 35.90 35.85 35.97 35.94 35.98 35.95 36.01 36.01 36.08 36.06 36.07 36.07 35.95 36.02 36.09 36.10 35.99 36.03 36.02 35.93 36.03 36.03 35.99 36.02 36.03 36.02 36.04 36.05 36.06 36.02 36.01 35.94 35.85 35.78 35.83
34.44 34.45 34.48 34.50 34.45 34.40 34.49 34.58 34.73 34.76 34.67 34.85 34.79 34.58 34.58 34.84 34.85 34.70 34.81 34.88 34.96 34.99 35.08 35.17 35.36 35.36 35.42 35.51 35.60 35.64 35.66 35.65 35.67 35.70 35.77 35.72 35.78 35.82 35.83 35.81 35.79 35.90 35.90 35.83 35.92 35.98 35.94 35.92 35.94 35.97 36.00 35.98 36.02 36.06 35.95 35.96 35.98 36.02 36.01 35.90 35.96 35.93 36.00 35.97 35.97 35.99 36.02 36.01 36.05 36.01 35.98 35.96 35.93 35.94 35.86 35.83 35.77
34.36 34.42 34.46 34.46 34.48 34.45 34.48 34.58 34.54 34.71 34.75 34.80 34.68 34.57 34.59 34.77 34.79 34.61 34.53 34.73 34.80 34.86 34.98 35.12 35.28 35.27 35.41 35.51 35.50 35.64 35.66 35.67 35.68 35.73 35.77 35.75 35.81 35.75 35.81 35.86 35.81 35.84 35.88 35.87 35.88 35.83 35.85 35.90 35.95 36.02 35.93 35.91 35.92 35.90 35.97 36.01 35.91 35.94 35.94 35.93 36.03 35.97 36.00 35.89 35.95 35.88 36.02 36.01 36.00 36.00 35.94 35.95 35.85 35.87 35.83 35.75 35.70
34.35 34.39 34.48 34.52 34.53 34.54 34.51 34.44 34.45 34.59 34.51 34.70 34.71 34.69 34.41 34.67 34.67 34.76 34.85 34.64 34.74 34.92 34.88 35.21 35.18 35.26 35.40 35.43 35.51 35.64 35.65 35.65 35.72 35.74 35.76 35.78 35.79 35.79 35.85 35.79 35.84 35.86 35.85 35.92 35.84 35.95 35.96 35.97 35.91 35.99 36.02 35.99 35.99 35.92 35.94 35.98 36.01 35.94 35.95 35.88 35.99 35.89 35.96 35.98 35.92 35.98 35.99 35.99 36.00 35.94 35.91 35.79 35.81 35.79 35.80 35.73 35.71
34.35 34.42 34.42 34.52 34.54 34.63 34.63 34.59 34.47 34.42 34.49 34.38 34.66 34.39 34.47 34.66 34.77 34.95 35.03 34.94 34.54 35.03 34.97 35.03 35.34 35.37 35.28 35.47 35.59 35.65 35.67 35.69 35.72 35.74 35.74 35.76 35.73 35.79 35.78 35.85 35.85 35.86 35.93 35.90 35.90 35.89 35.82 35.90 35.92 36.01 35.93 35.88 35.98 35.98 35.98 35.91 35.97 35.98 35.97 35.89 35.95 35.99 35.94 35.90 35.99 35.98 35.97 35.97 35.96 35.93 35.83 35.81 35.79 35.77 35.77 35.75 35.73
34.38 34.38 34.39 34.49 34.56 34.62 34.69 34.55 34.59 34.60 34.35 34.33 34.33 34.32 34.44 34.42 34.93 35.00 34.91 35.12 34.94 35.08 35.22 35.20 35.27 35.33 35.39 35.51 35.57 35.60 35.67 35.70 35.71 35.72 35.74 35.75 35.73 35.83 35.76 35.81 35.73 35.92 35.89 35.81 35.84 35.88 35.93 35.98 36.02 36.02 35.90 35.83 35.83 35.91 35.97 35.93 35.98 35.91 35.98 35.88 35.96 35.95 35.98 35.94 35.96 35.95 35.95 35.96 35.99 35.92 35.83 35.84 35.80 35.76 35.73 35.72 35.67
34.34 34.32 34.25 34.32 34.32 34.56 34.67 34.70 34.71 34.64 34.59 34.45 34.37 34.48 34.27 34.33 34.75 35.03 35.08 35.14 35.06 35.08 35.19 35.22 35.40 35.37 35.47 35.51 35.49 35.43 35.58 35.69 35.72 35.72 35.75 35.71 35.76 35.76 35.80 35.84 35.85 35.78 35.88 35.94 35.94 35.98 35.99 35.90 35.92 36.00 35.95 35.96 35.94 35.92 35.91 35.91 35.87 35.88 35.94 35.92 35.90 35.82 35.89 35.98 35.90 35.95 35.93 35.94 35.90 35.86 35.76 35.74 35.74 35.67 35.60 35.59 35.62
34.28 34.25 34.27 34.48 34.34 34.43 34.62 34.74 34.73 34.70 34.59 34.48 34.30 34.20 34.43 34.66 34.85 34.97 35.06 35.17 35.20 35.22 35.25 35.28 35.40 35.47 35.52 35.55 35.58 35.54 35.52 35.67 35.70 35.75 35.76 35.73 35.75 35.76 35.81 35.80 35.83 35.91 35.82 35.89 35.92 35.86 35.98 36.00 35.99 36.01 35.97 35.97 35.97 35.88 35.82 35.88 35.84 35.88 35.84 35.87 35.84 35.90 35.91 35.89 35.94 35.91 35.92 35.89 35.79 35.84 35.78 35.84 35.83 35.71 35.60 35.57 35.53
34.43 34.40 34.44 34.55 34.57 34.61 34.71 34.57 34.59 34.59 34.63 34.58 34.60 34.70 34.72 34.87 34.82 34.89 35.03 35.14 35.19 35.24 35.35 35.41 35.41 35.44 35.42 35.44 35.54 35.60 35.62 35.67 35.71 35.74 35.73 35.81 35.81 35.86 35.80 35.77 35.79 35.72 35.96 35.89 35.88 35.83 35.84 35.87 35.96 35.92 35.86 35.86 35.86 35.87 35.85 35.88 35.84 35.87 35.83 35.82 35.92 35.87 35.93 35.90 35.91 35.90 35.87 35.86 35.84 35.79 35.77 35.82 35.81 35.75 35.67 35.59 35.57
34.51 34.55 34.57 34.64 34.70 34.71 34.70 34.67 34.58 34.51 34.73 34.63 34.46 34.49 34.93 34.94 35.04 35.04 35.00 35.05 35.14 35.14 35.18 35.30 35.33 35.33 35.37 35.42 35.45 35.48 35.50 35.58 35.69 35.73 35.75 35.79 35.77 35.81 35.75 35.86 35.86 35.80 35.92 35.92 35.86 35.92 35.90 35.85 35.87 35.95 35.95 35.93 35.96 35.89 35.86 35.84 35.86 35.85 35.84 35.88 35.85 35.89 35.87 35.94 35.85 35.80 35.83 35.82 35.80 35.73 35.70 35.77 35.75 35.78 35.68 35.66 35.62
34.52 34.56 34.60 34.68 34.70 34.77 34.74 34.79 34.80 34.83 34.84 34.86 34.90 34.94 34.98 34.93 35.06 35.14 35.02 35.00 35.04 35.16 35.01 34.87 35.11 35.28 35.24 35.24 35.28 35.36 35.43 35.57 35.68 35.67 35.78 35.74 35.81 35.71 35.88 35.85 35.86 35.88 35.89 35.87 35.91 35.90 35.92 35.89 35.96 35.84 35.95 35.97 35.94 35.91 35.92 35.84 35.85 35.85 35.85 35.87 35.90 35.92 35.85 35.87 35.84 35.67 35.74 35.72 35.75 35.76 35.68 35.76 35.74 35.71 35.70 35.62 35.61
34.47 34.55 34.61 34.66 34.71 34.73 34.79 34.81 34.86 34.83 34.92 34.78 34.89 35.00 34.96 35.04 35.04 35.08 35.12 35.08 35.14 35.21 35.09 35.07 35.12 35.12 34.90 34.94 35.28 35.42 35.35 35.67 35.69 35.69 35.73 35.78 35.75 35.81 35.83 35.86 35.86 35.87 35.80 35.89 35.85 35.87 35.87 35.94 35.95 35.94 35.94 35.90 35.89 35.88 35.90 35.94 35.83 35.84 35.84 35.84 35.83 35.84 35.89 35.83 35.79 35.79 35.76 35.69 35.65 35.68 35.67 35.72 35.67 35.67 35.63 35.57 35.52
34.46 34.48 34.52 34.60 34.69 34.67 34.76 34.80 34.88 34.92 34.97 34.77 34.97 35.03 34.99 35.10 35.15 35.18 35.17 35.20 35.22 35.21 35.19 35.28 35.10 35.22 35.22 35.24 35.15 35.18 35.55 35.67 35.72 35.77 35.75 35.73 35.69 35.78 35.81 35.92 35.85 35.85 35.93 35.92 35.92 35.93 35.93 35.91 35.84 35.87 35.92 35.85 35.93 35.87 35.87 35.80 35.92 35.81 35.79 35.73 35.90 35.91 35.83 35.77 35.80 35.72 35.72 35.70 35.64 35.54 35.58 35.65 35.62 35.62 35.58 35.29 35.48
34.38 34.50 34.47 34.48 34.56 34.68 34.71 34.75 34.84 34.87 34.94 34.99 34.98 34.97 35.06 35.07 35.10 35.16 35.23 35.21 35.27 35.29 35.27 35.32 35.28 35.26 35.32 35.40 35.43 35.53 35.60 35.64 35.69 35.73 35.78 35.78 35.87 35.88 35.90 35.90 35.92 35.93 35.86 35.86 35.88 35.87 35.89 35.85 35.84 35.86 35.81 35.86 35.86 35.92 35.88 35.82 35.87 35.92 35.91 35.82 35.82 35.80 35.80 35.80 35.74 35.72 35.64 35.68 35.58 35.52 35.52 35.50 35.54 35.59 35.49 35.39 35.38
34.46 34.46 34.57 34.59 34.59 34.68 34.75 34.77 34.80 34.79 34.90 34.91 34.97 35.03 34.94 34.96 35.08 35.13 35.18 35.26 35.21 35.27 35.34 35.33 35.36 35.34 35.32 35.42 35.39 35.48 35.48 35.61 35.64 35.73 35.76 35.85 35.86 35.87 35.89 35.90 35.91 35.92 35.92 35.80 35.86 35.84 35.90 35.88 35.89 35.89 35.82 35.80 35.75 35.85 35.90 35.87 35.78 35.80 35.83 35.67 35.82 35.74 35.78 35.75 35.72 35.66 35.65 35.68 35.62 35.51 35.40 35.39 35.41 35.36 35.29 35.19 35.23
34.53 34.51 34.60 34.62 34.64 34.66 34.74 34.79 34.73 34.81 34.87 34.90 35.02 35.08 35.03 34.97 35.10 35.18 35.19 35.24 35.30 35.26 35.33 35.32 35.33 35.39 35.44 35.42 35.35 35.41 35.45 35.52 35.59 35.73 35.78 35.83 35.85 35.86 35.88 35.88 35.90 35.91 35.91 35.93 35.93 35.94 35.86 35.88 35.91 35.88 35.87 35.89 35.86 35.83 35.81 35.89 35.88 35.81 35.82 35.83 35.78 35.75 35.75 35.74 35.68 35.72 35.66 35.58 35.61 35.56 35.48 35.41 35.39 35.35 35.28 35.14 35.22
34.52 34.59 34.58 34.62 34.63 34.73 34.70 34.74 34.77 34.88 34.97 35.00 35.02 35.03 35.05 35.08 35.15 35.18 35.18 35.24 35.28 35.30 35.36 35.27 35.30 35.36 35.40 35.44 35.45 35.36 35.40 35.48 35.58 35.68 35.75 35.74 35.84 35.85 35.87 35.87 35.89 35.90 35.90 35.92 35.92 35.93 35.94 35.89 35.87 35.91 35.86 35.79 35.78 35.72 35.74 35.75 35.82 35.88 35.78 35.75 35.78 35.77 35.72 35.75 35.74 35.73 35.66 35.58 35.57 35.53 35.48 35.43 35.39 35.29 35.15 35.09 35.18
34.54 34.58 34.58 34.63 34.64 34.72 34.76 34.82 34.88 34.90 34.92 34.93 34.97 34.98 34.94 34.96 34.82 34.99 35.13 35.18 35.23 35.29 35.30 35.37 35.33 35.31 35.38 35.40 35.48 35.49 35.45 35.48 35.59 35.68 35.71 35.73 35.77 35.84 35.85 35.86 35.88 35.88 35.90 35.91 35.91 35.92 35.93 35.94 35.88 35.90 35.88 35.85 35.85 35.83 35.83 35.72 35.76 35.79 35.80 35.83 35.79 35.75 35.72 35.76 35.72 35.67 35.62 35.56 35.55 35.47 35.46 35.39 35.34 35.07 35.10 35.21 35.22
34.52 34.56 34.62 34.65 34.69 34.72 34.77 34.77 34.81 34.82 34.87 34.91 34.91 34.88 34.91 34.73 34.54 34.51 35.06 35.11 35.16 35.26 35.29 35.32 35.40 35.38 35.33 35.42 35.45 35.50 35.53 35.52 35.56 35.69 35.70 35.70 35.71 35.83 35.84 35.85 35.87 35.87 35.89 35.89 35.90 35.91 35.91 35.93 35.93 35.88 35.91 35.94 35.95 35.95 35.94 35.86 35.76 35.74 35.74 35.70 35.72 35.74 35.67 35.74 35.68 35.67 35.66 35.58 35.52 35.50 35.39 35.37 35.24 35.25 35.23 35.25 35.23
34.46 34.52 34.58 34.64 34.68 34.66 34.71 34.72 34.77 34.80 34.83 34.85 34.86 34.82 34.80 34.81 34.75 34.94 35.01 35.03 35.15 35.24 35.32 35.32 35.39 35.44 35.46 35.37 35.46 35.51 35.51 35.63 35.62 35.62 35.66 35.69 35.75 35.81 35.83 35.84 35.86 35.86 35.88 35.88 35.90 35.90 35.90 35.92 35.92 35.93 35.88 35.84 35.85 35.81 35.78 35.74 35.72 35.70 35.75 35.75 35.75 35.70 35.69 35.69 35.71 35.67 35.63 35.50 35.56 35.50 35.41 35.27 35.29 35.27 35.20 35.24 35.26
34.38 34.49 34.52 34.60 34.56 34.59 34.66 34.70 34.72 34.78 34.80 34.80 34.73 34.76 34.74 34.71 34.83 34.84 34.99 35.04 35.12 35.20 35.24 35.31 35.34 35.32 35.38 35.47 35.49 35.49 35.51 35.55 35.56 35.64 35.65 35.70 35.76 35.79 35.82 35.83 35.84 35.85 35.87 35.87 35.88 35.89 35.90 35.90 35.91 35.92 35.92 35.92 35.80 35.70 35.68 35.76 35.77 35.73 35.71 35.71 35.68 35.72 35.69 35.70 35.65 35.60 35.67 35.54 35.54 35.49 35.46 35.33 35.30 35.30 35.25 35.28 35.27
34.42 34.44 34.50 34.53 34.54 34.56 34.59 34.62 34.75 34.79 34.80 34.80 34.77 34.72 34.70 34.68 34.71 34.52 34.80 34.97 35.03 35.12 35.14 35.27 35.25 35.38 35.38 35.44 35.46 35.50 35.51 35.55 35.58 35.63 35.63 35.68 35.74 35.79 35.81 35.81 35.83 35.84 35.85 35.86 35.87 35.88 35.89 35.89 35.90 35.90 35.89 35.91 35.87 35.84 35.73 35.76 35.81 35.82 35.80 35.72 35.79 35.68 35.63 35.70 35.63 35.62 35.59 35.56 35.50 35.49 35.44 35.36 35.23 35.30 35.29 35.30 35.27
34.43 34.47 34.46 34.39 34.49 34.45 34.51 34.59 34.62 34.70 34.75 34.72 34.71 34.70 34.64 34.67 34.60 34.37 34.58 34.78 34.95 35.02 35.16 35.22 35.22 35.31 35.31 35.37 35.43 35.48 35.51 35.57 35.57 35.60 35.61 35.67 35.73 35.76 35.79 35.80 35.82 35.82 35.84 35.85 35.86 35.86 35.88 35.88 35.89 35.89 35.82 35.90 35.83 35.91 35.78 35.77 35.81 35.75 35.78 35.79 35.78 35.69 35.66 35.72 35.65 35.64 35.61 35.55 35.53 35.54 35.45 35.33 35.27 35.32 35.34 35.34 35.30
34.35 34.39 34.34 34.38 34.44 34.42 34.45 34.56 34.59 34.61 34.75 34.72 34.64 34.65 34.51 34.54 34.54 34.39 34.30 34.46 34.79 34.99 35.12 35.15 35.23 35.21 35.31 35.35 35.41 35.38 35.36 35.44 35.56 35.61 35.64 35.65 35.71 35.75 35.78 35.79 35.80 35.81 35.83 35.83 35.85 35.86 35.86 35.88 35.88 35.89 35.89 35.80 35.90 35.78 35.90 35.71 35.81 35.73 35.72 35.75 35.71 35.66 35.76 35.71 35.66 35.63 35.63 35.60 35.53 35.47 35.39 35.34 35.31 35.37 35.38 35.37 35.31
34.23 34.32 34.23 34.38 34.38 34.41 34.50 34.50 34.58 34.60 34.72 34.65 34.60 34.59 34.49 34.46 34.48 34.35 33.54 33.84 34.66 34.95 35.00 35.09 35.13 35.21 35.27 35.33 35.36 35.32 35.41 35.49 35.52 35.59 35.60 35.63 35.68 35.75 35.76 35.77 35.79 35.80 35.81 35.83 35.83 35.85 35.85 35.86 35.87 35.88 35.89 35.82 35.77 35.83 35.76 35.74 35.73 35.70 35.70 35.70 35.73 35.69 35.72 35.69 35.60 35.61 35.62 35.57 35.57 35.49 35.47 35.43 35.35 35.42 35.39 35.35 35.34
34.20 34.20 34.25 34.30 34.38 34.38 34.45 34.47 34.60 34.59 34.63 34.65 34.58 34.55 34.48 34.42 34.35 34.27 33.82 33.57 34.48 34.82 34.95 35.07 35.15 35.18 35.21 35.27 35.09 35.21 35.33 35.35 35.49 35.52 35.55 35.62 35.70 35.73 35.75 35.76 35.78 35.79 35.80 35.81 35.82 35.83 35.85 35.85 35.86 35.86 35.87 35.88 35.88 35.73 35.80 35.79 35.75 35.77 35.74 35.73 35.71 35.70 35.69 35.69 35.63 35.62 35.53 35.59 35.52 35.49 35.49 35.48 35.43 35.47 35.39 35.43 35.32
34.06 33.82 34.08 34.07 34.23 34.33 34.41 34.45 34.46 34.48 34.54 34.61 34.55 34.55 34.49 34.36 34.33 34.23 34.07 34.05 34.20 34.81 34.92 35.01 35.08 35.15 35.11 35.22 35.16 35.20 35.30 35.35 35.43 35.47 35.53 35.61 35.71 35.72 35.73 35.74 35.76 35.78 35.78 35.80 35.82 35.82 35.83 35.85 35.85 35.86 35.86 35.80 35.88 35.80 35.73 35.73 35.68 35.73 35.77 35.78 35.78 35.78 35.67 35.71 35.56 35.58 35.60 35.51 35.58 35.52 35.48 35.48 35.38 35.37 35.34 35.37 35.30
34.00 34.05 34.04 34.21 34.29 34.34 34.40 34.43 34.47 34.50 34.58 34.61 34.56 34.53 34.42 34.36 34.27 34.22 34.20 34.24 34.49 34.72 34.81 34.94 34.96 35.03 35.04 35.03 35.14 35.20 35.25 35.33 35.42 35.52 35.52 35.59 35.66 35.70 35.72 35.74 35.74 35.76 35.78 35.78 35.80 35.82 35.82 35.83 35.85 35.85 35.86 35.86 35.78 35.78 35.75 35.77 35.76 35.77 35.76 35.72 35.72 35.72 35.71 35.69 35.61 35.54 35.54 35.53 35.52 35.54 35.51 35.49 35.48 35.38 35.40 35.32 35.26
34.10 34.10 34.15 34.26 34.18 34.31 34.34 34.42 34.42 34.42 34.47 34.55 34.53 34.44 34.43 34.39 34.36 34.28 34.26 34.38 34.34 34.61 34.76 34.72 34.83 34.88 34.98 35.00 35.05 35.13 35.21 35.38 35.40 35.42 35.49 35.58 35.67 35.68 35.70 35.72 35.73 35.75 35.76 35.78 35.78 35.80 35.82 35.83 35.83 35.84 35.85 35.80 35.78 35.87 35.77 35.67 35.72 35.72 35.73 35.69 35.69 35.68 35.72 35.70 35.69 35.67 35.64 35.62 35.57 35.53 35.50 35.48 35.42 35.41 35.26 35.26 35.23
