data/latest.grid
ncols 886
nrows 691
xllcenter 112.0000
yllcenter -44.5000
cellsize 0.0500
nodata_value 99999.90
[rows 272 to 305 of 691, columns 539 to 615 of 886]
37.48 37.51 37.49 37.50 37.49 37.41 37.14 37.33 37.43 37.50 37.56 37.58 37.62 37.68 37.67 37.72 37.75 37.77 37.77 37.77 37.78 37.80 37.79 37.80 37.78 37.75 37.74 37.73 37.70 37.70 37.73 37.79 37.79 37.82 37.90 37.93 37.88 37.85 37.85 37.88 37.95 37.90 37.84 37.95 37.99 37.98 37.92 37.90 37.89 37.88 37.81 37.82 37.77 37.58 37.65 37.56 37.44 37.45 37.37 37.40 37.47 37.49 37.46 37.40 37.37 37.29 37.19 37.12 37.14 37.18 37.11 37.05 36.98 36.83 36.67 36.73 36.69
37.44 37.44 37.44 37.42 37.41 37.32 37.24 37.31 37.33 37.42 37.42 37.46 37.55 37.57 37.65 37.66 37.71 37.71 37.62 37.74 37.74 37.74 37.74 37.75 37.75 37.74 37.69 37.69 37.64 37.69 37.74 37.79 37.78 37.81 37.87 37.89 37.89 37.85 37.90 37.82 37.86 37.85 37.84 37.84 37.96 37.94 37.91 37.83 37.68 37.82 37.82 37.79 37.76 37.70 37.71 37.68 37.65 37.62 37.59 37.56 37.53 37.49 37.46 37.40 37.37 37.33 37.29 37.26 37.22 37.16 37.09 37.00 36.90 36.79 36.63 36.54 36.47
37.38 37.35 37.33 37.34 37.26 37.21 37.28 37.30 37.34 37.23 37.31 37.33 37.41 37.44 37.60 37.62 37.64 37.66 37.65 37.69 37.70 37.70 37.68 37.68 37.70 37.67 37.65 37.61 37.58 37.60 37.66 37.74 37.77 37.80 37.84 37.86 37.90 37.90 37.88 37.79 37.86 37.89 37.92 37.96 37.79 37.80 37.87 37.81 37.75 37.72 37.60 37.68 37.70 37.70 37.62 37.63 37.61 37.50 37.47 37.47 37.50 37.49 37.39 37.39 37.33 37.24 37.23 37.20 37.16 37.10 37.11 37.00 36.89 36.82 36.79 36.75 36.63
37.28 37.25 37.10 37.20 37.21 37.22 37.27 37.29 37.31 37.17 37.34 37.40 37.34 37.47 37.54 37.57 37.58 37.59 37.61 37.63 37.64 37.64 37.65 37.64 37.63 37.60 37.59 37.59 37.54 37.44 37.61 37.64 37.70 37.74 37.81 37.84 37.86 37.88 37.79 37.90 37.90 37.91 37.92 37.92 37.84 37.83 37.84 37.80 37.73 37.64 37.52 37.52 37.50 37.60 37.56 37.48 37.48 37.41 37.42 37.48 37.45 37.40 37.28 37.27 37.26 37.15 37.16 37.10 37.08 37.00 37.01 36.99 36.94 36.91 36.86 36.78 36.64
37.20 37.13 37.12 37.10 37.05 37.05 37.17 37.24 37.29 37.34 37.38 37.40 37.42 37.38 37.49 37.51 37.53 37.55 37.56 37.58 37.59 37.59 37.60 37.59 37.59 37.57 37.54 37.52 37.46 37.43 37.46 37.57 37.65 37.71 37.73 37.75 37.73 37.73 37.85 37.88 37.89 37.88 37.91 37.89 37.88 37.85 37.84 37.79 37.74 37.62 37.60 37.54 37.48 37.33 37.46 37.30 37.36 37.40 37.43 37.44 37.40 37.39 37.25 37.16 37.15 37.02 37.11 36.99 37.03 37.04 37.05 36.97 36.83 36.79 36.70 36.62 36.63
37.14 37.14 37.15 37.13 37.05 37.02 37.00 36.93 37.09 37.15 37.30 37.35 37.39 37.25 37.44 37.46 37.47 37.49 37.51 37.50 37.53 37.55 37.54 37.53 37.52 37.52 37.50 37.45 37.41 37.40 37.45 37.53 37.59 37.65 37.64 37.73 37.80 37.80 37.81 37.85 37.85 37.86 37.89 37.88 37.85 37.85 37.82 37.78 37.74 37.56 37.61 37.54 37.49 37.40 37.35 37.30 37.35 37.39 37.37 37.38 37.31 37.31 37.21 37.21 37.11 37.00 37.02 37.06 37.08 37.06 37.08 37.00 36.89 36.82 36.78 36.66 36.74
37.20 37.12 37.15 37.13 37.12 37.00 37.03 36.96 36.93 36.99 37.03 37.15 37.32 37.37 37.39 37.41 37.43 37.45 37.46 37.47 37.49 37.48 37.49 37.46 37.47 37.46 37.44 37.39 37.39 37.36 37.43 37.48 37.53 37.57 37.58 37.68 37.78 37.78 37.79 37.79 37.82 37.83 37.83 37.87 37.85 37.82 37.80 37.78 37.72 37.67 37.61 37.54 37.50 37.44 37.35 37.26 37.29 37.32 37.30 37.31 37.28 37.25 37.19 37.05 37.09 36.89 36.99 37.03 37.03 37.07 37.08 37.00 36.92 36.82 36.78 36.81 36.74
37.15 37.10 37.15 37.16 37.12 37.05 37.05 36.93 36.95 37.05 37.17 37.25 37.29 37.33 37.35 37.36 37.38 37.39 37.41 37.42 37.44 37.43 37.43 37.39 37.39 37.38 37.36 37.36 37.35 37.37 37.38 37.48 37.52 37.54 37.62 37.65 37.71 37.71 37.75 37.80 37.81 37.74 37.82 37.85 37.82 37.78 37.81 37.77 37.72 37.64 37.57 37.50 37.44 37.42 37.33 37.22 37.25 37.20 37.20 37.17 37.22 37.16 37.04 37.08 37.01 36.96 37.00 37.03 37.08 37.13 37.13 37.05 36.98 36.92 36.88 36.89 36.82
37.14 37.07 37.16 37.14 37.08 37.09 37.08 37.09 36.98 37.04 37.14 37.16 37.25 37.29 37.30 37.32 37.32 37.35 37.35 37.38 37.39 37.37 37.36 37.35 37.34 37.33 37.33 37.32 37.33 37.35 37.37 37.42 37.48 37.55 37.62 37.66 37.70 37.77 37.76 37.76 37.76 37.79 37.81 37.82 37.83 37.76 37.74 37.72 37.66 37.62 37.54 37.46 37.43 37.40 37.35 37.30 37.20 37.17 37.16 37.15 37.09 37.06 37.06 36.92 36.93 36.96 37.01 37.06 37.08 37.12 37.14 37.05 37.03 37.01 36.96 36.86 36.80
37.14 37.10 37.15 37.10 37.09 37.14 37.03 37.04 37.09 36.96 37.14 37.19 37.19 37.25 37.26 37.28 37.28 37.33 37.31 37.34 37.34 37.34 37.33 37.32 37.29 37.29 37.31 37.30 37.29 37.31 37.35 37.39 37.42 37.48 37.55 37.62 37.68 37.74 37.72 37.72 37.75 37.68 37.78 37.80 37.79 37.74 37.69 37.70 37.67 37.61 37.60 37.45 37.48 37.43 37.37 37.31 37.19 37.18 37.17 37.16 37.05 37.13 37.05 37.04 37.07 37.07 37.03 37.08 37.08 37.10 37.12 37.07 37.04 36.98 36.89 36.81 36.77
37.09 37.10 37.09 37.18 37.10 37.11 36.93 37.03 37.10 36.84 37.11 37.16 37.20 37.22 37.23 37.25 37.26 37.25 37.28 37.29 37.30 37.29 37.27 37.29 37.27 37.25 37.27 37.24 37.23 37.31 37.34 37.33 37.36 37.41 37.49 37.58 37.62 37.67 37.75 37.74 37.72 37.69 37.79 37.79 37.76 37.72 37.69 37.61 37.64 37.59 37.59 37.49 37.42 37.37 37.32 37.28 37.24 37.15 37.15 37.18 37.12 37.15 37.03 37.08 37.11 37.13 37.08 37.08 37.15 37.15 37.11 37.04 36.98 36.92 36.91 36.76 36.67
37.08 37.11 37.02 37.14 37.14 37.08 37.07 37.08 36.96 37.02 37.11 37.13 37.17 37.17 37.20 37.22 37.24 37.24 37.24 37.25 37.28 37.26 37.24 37.24 37.20 37.18 37.20 37.18 37.21 37.29 37.33 37.33 37.37 37.42 37.43 37.48 37.59 37.66 37.72 37.69 37.72 37.69 37.80 37.74 37.72 37.70 37.67 37.64 37.57 37.50 37.44 37.50 37.40 37.28 37.17 37.16 37.16 37.06 37.15 37.18 37.20 37.21 37.17 37.17 37.17 37.19 37.17 37.18 37.21 37.19 37.13 37.08 37.00 36.90 36.89 36.80 36.68
37.05 37.10 37.09 37.13 37.14 37.13 37.06 37.08 37.02 37.09 37.10 37.13 37.14 37.15 37.18 37.19 37.18 37.19 37.20 37.23 37.23 37.21 37.19 37.20 37.18 37.17 37.14 37.10 37.15 37.26 37.33 37.37 37.43 37.47 37.50 37.52 37.58 37.66 37.70 37.71 37.72 37.71 37.75 37.73 37.73 37.68 37.68 37.65 37.58 37.51 37.41 37.37 37.35 37.28 37.27 37.16 37.11 37.06 37.14 37.12 37.18 37.22 37.26 37.25 37.25 37.23 37.23 37.27 37.23 37.12 37.04 37.00 36.91 36.99 36.89 36.86 36.88
37.04 37.08 37.13 37.13 37.12 37.08 36.94 36.93 37.02 37.05 37.12 37.11 37.12 37.13 37.15 37.15 37.15 37.17 37.18 37.20 37.21 37.21 37.20 37.18 37.17 37.14 37.13 37.14 37.17 37.24 37.31 37.37 37.42 37.47 37.48 37.55 37.56 37.63 37.68 37.70 37.69 37.71 37.71 37.72 37.67 37.66 37.61 37.56 37.58 37.46 37.47 37.37 37.37 37.36 37.24 37.17 37.13 37.01 37.05 37.07 37.13 37.14 37.20 37.22 37.28 37.28 37.27 37.27 37.22 37.14 37.05 37.03 36.96 36.90 36.86 36.94 36.96
37.04 37.05 37.07 37.11 37.09 37.02 36.95 36.94 37.02 37.09 37.11 37.10 37.10 37.11 37.11 37.12 37.13 37.13 37.16 37.17 37.16 37.17 37.16 37.13 37.13 37.12 37.13 37.14 37.18 37.23 37.30 37.36 37.42 37.49 37.52 37.51 37.60 37.64 37.63 37.68 37.69 37.70 37.70 37.67 37.69 37.65 37.62 37.60 37.52 37.44 37.35 37.24 37.27 37.26 37.17 37.21 37.15 37.01 37.00 37.08 37.11 37.22 37.19 37.19 37.28 37.30 37.29 37.25 37.20 37.10 37.05 37.07 36.97 36.88 36.92 36.94 37.01
37.06 37.08 37.10 37.11 37.04 36.92 36.84 36.97 37.05 37.07 37.06 37.07 37.07 37.09 37.09 37.10 37.11 37.11 37.12 37.13 37.12 37.11 37.09 37.05 37.06 37.10 37.11 37.12 37.17 37.19 37.28 37.37 37.41 37.47 37.51 37.51 37.59 37.59 37.59 37.66 37.67 37.67 37.66 37.62 37.61 37.63 37.61 37.54 37.51 37.43 37.25 37.31 37.29 37.29 37.24 37.26 37.17 37.11 37.01 37.10 37.12 37.14 37.28 37.29 37.32 37.31 37.27 37.24 37.20 37.04 37.15 37.04 36.98 36.92 36.96 36.92 37.03
36.94 37.05 37.06 37.03 36.94 36.89 36.89 36.96 37.03 37.01 37.06 37.05 37.05 37.06 37.07 37.08 37.08 37.07 37.09 37.03 37.01 37.02 37.02 36.96 37.00 37.02 37.06 37.08 37.14 37.18 37.26 37.36 37.41 37.46 37.50 37.50 37.58 37.56 37.60 37.61 37.65 37.65 37.66 37.62 37.59 37.57 37.52 37.52 37.54 37.49 37.41 37.40 37.31 37.33 37.30 37.30 37.26 37.21 37.09 37.17 37.23 37.21 37.31 37.35 37.32 37.31 37.27 37.17 37.09 37.16 37.14 37.10 37.03 36.91 36.89 36.98 36.95
37.03 37.02 37.01 36.98 36.98 36.98 36.97 36.99 36.97 36.99 37.00 37.01 37.04 37.05 37.07 37.05 37.02 36.99 37.01 36.97 36.99 36.99 36.95 36.93 36.95 36.97 36.99 37.04 37.08 37.10 37.22 37.32 37.38 37.41 37.47 37.50 37.51 37.56 37.62 37.63 37.63 37.62 37.62 37.59 37.57 37.53 37.49 37.45 37.27 37.49 37.45 37.42 37.35 37.32 37.31 37.31 37.24 37.19 37.23 37.16 37.30 37.20 37.36 37.29 37.29 37.17 37.18 37.06 37.04 37.11 37.08 37.02 37.02 36.97 36.93 36.89 36.86
36.98 36.97 36.93 36.95 36.94 36.92 36.97 36.99 36.99 36.98 36.99 37.00 37.02 37.05 36.95 37.02 36.91 36.91 36.97 36.98 37.01 36.95 36.88 36.93 36.96 36.92 36.93 36.97 36.97 37.08 37.19 37.27 37.35 37.40 37.45 37.50 37.54 37.54 37.55 37.58 37.59 37.56 37.56 37.54 37.48 37.45 37.42 37.41 37.33 37.37 37.40 37.36 37.36 37.37 37.35 37.27 37.21 37.28 37.21 37.26 37.33 37.33 37.29 37.24 37.21 37.18 37.20 37.03 37.13 37.07 37.02 37.00 36.97 36.95 36.99 36.98 36.97
36.92 36.94 36.93 36.93 36.94 36.92 36.93 36.95 36.97 36.85 36.94 36.98 37.03 37.01 37.01 36.87 36.91 36.97 37.02 37.01 37.00 36.97 36.96 36.94 36.93 36.92 36.88 36.94 36.95 37.04 37.17 37.27 37.35 37.40 37.44 37.51 37.50 37.52 37.55 37.53 37.53 37.50 37.47 37.43 37.40 37.41 37.34 37.29 37.30 37.32 37.31 37.26 37.38 37.37 37.27 37.35 37.35 37.35 37.37 37.40 37.36 37.26 37.14 37.11 37.08 37.06 37.07 37.05 37.14 37.10 37.05 37.00 36.95 37.00 36.95 36.99 37.06
36.92 36.92 36.91 36.90 36.89 36.91 36.90 36.94 36.94 36.95 36.89 36.97 36.97 37.00 36.98 36.98 36.92 37.03 37.05 37.04 36.96 36.94 36.93 36.95 36.95 36.89 36.93 36.94 36.98 37.00 37.11 37.24 37.34 37.39 37.44 37.44 37.46 37.49 37.49 37.48 37.47 37.42 37.38 37.36 37.31 37.33 37.30 37.32 37.30 37.34 37.31 37.27 37.35 37.38 37.37 37.38 37.40 37.40 37.40 37.34 37.27 37.23 37.10 37.07 36.97 37.08 37.02 37.05 37.11 37.07 37.01 36.99 36.96 36.99 37.01 37.01 37.06
36.93 36.92 36.93 36.87 36.89 36.88 36.91 36.95 36.92 36.83 36.92 36.99 36.88 36.95 36.93 36.93 36.96 37.01 37.05 37.04 36.99 36.95 36.96 36.98 36.92 36.93 36.96 36.96 36.99 37.07 37.14 37.23 37.33 37.38 37.39 37.45 37.44 37.47 37.48 37.42 37.41 37.39 37.33 37.27 37.24 37.25 37.31 37.33 37.30 37.31 37.28 37.30 37.34 37.42 37.42 37.43 37.39 37.38 37.31 37.29 37.21 37.15 37.07 36.94 36.87 36.93 36.98 37.06 37.14 37.05 37.05 37.01 36.91 36.99 37.03 37.08 37.09
36.92 36.92 36.93 36.91 36.91 36.92 36.92 36.93 36.86 36.89 36.94 36.94 36.97 36.95 36.97 36.95 36.98 36.99 36.96 37.00 36.99 37.00 36.97 36.99 36.97 36.97 36.99 37.03 37.05 37.11 37.16 37.28 37.34 37.36 37.39 37.41 37.45 37.46 37.44 37.41 37.37 37.38 37.31 37.30 37.24 37.27 37.32 37.29 37.30 37.35 37.31 37.35 37.41 37.42 37.39 37.32 37.27 37.31 37.28 37.23 37.18 37.06 37.07 36.96 36.84 36.73 36.95 36.99 37.16 37.13 37.04 37.02 37.00 37.03 37.10 37.09 37.12
36.91 36.92 36.91 36.91 36.92 36.92 36.92 36.92 36.80 36.92 36.94 36.94 36.98 36.98 36.99 37.00 36.99 37.02 37.02 37.03 36.99 36.97 36.90 37.00 37.00 36.92 37.04 37.08 37.13 37.13 37.17 37.27 37.30 37.35 37.40 37.40 37.38 37.40 37.35 37.38 37.37 37.31 37.31 37.31 37.25 37.28 37.31 37.22 37.26 37.35 37.33 37.36 37.42 37.40 37.34 37.28 37.20 37.24 37.24 37.14 36.89 36.95 36.88 36.91 36.86 36.99 36.97 37.05 37.14 37.15 37.11 37.10 37.06 37.07 37.09 37.14 37.16
36.92 36.92 36.93 36.93 36.93 36.92 36.93 36.94 36.92 36.94 36.95 36.96 36.96 36.97 36.96 37.00 37.01 37.01 37.03 37.00 37.04 36.91 37.04 36.94 37.02 36.97 36.99 37.08 37.13 37.14 37.21 37.25 37.29 37.33 37.37 37.39 37.39 37.39 37.40 37.40 37.37 37.35 37.35 37.32 37.31 37.33 37.28 37.24 37.31 37.36 37.38 37.40 37.41 37.38 37.34 37.25 37.25 37.23 37.11 37.08 36.91 36.94 36.81 36.87 37.02 37.02 37.05 37.06 37.17 37.18 37.14 37.11 37.10 37.06 36.98 37.04 36.96
36.91 36.89 36.89 36.85 36.87 36.91 36.90 36.87 36.90 36.94 36.96 36.96 36.97 36.97 37.01 36.98 37.00 37.01 36.98 37.00 37.00 37.03 37.06 37.02 36.97 37.05 37.06 37.06 37.17 37.16 37.19 37.26 37.32 37.33 37.34 37.29 37.32 37.29 37.31 37.31 37.35 37.36 37.34 37.34 37.33 37.30 37.21 37.29 37.34 37.38 37.41 37.40 37.34 37.30 37.29 37.28 37.26 37.20 37.15 37.05 37.12 36.92 36.81 36.92 37.05 37.09 36.89 37.14 37.20 37.22 37.18 37.16 37.10 37.00 36.98 37.02 37.00
36.87 36.87 36.85 36.90 36.90 36.89 36.83 36.78 36.91 36.93 36.96 36.95 36.95 36.97 36.99 37.00 36.95 36.95 36.95 37.02 36.99 37.06 37.02 37.07 37.05 37.04 37.11 37.12 37.15 37.17 37.25 37.28 37.30 37.32 37.36 37.33 37.34 37.31 37.27 37.33 37.35 37.32 37.29 37.28 37.28 37.16 37.28 37.33 37.36 37.41 37.41 37.33 37.27 37.24 37.30 37.28 37.25 37.22 37.19 37.15 37.04 36.87 36.99 36.71 36.94 37.11 37.19 37.15 37.22 37.23 37.13 37.06 36.95 37.08 37.06 37.08 37.08
36.85 36.83 36.84 36.88 36.88 36.77 36.82 36.77 36.92 36.90 36.91 36.92 36.93 36.92 36.93 36.88 36.94 36.98 37.05 37.08 37.10 37.10 37.09 37.07 37.06 37.06 37.06 37.20 37.16 37.25 37.26 37.27 37.33 37.32 37.34 37.35 37.35 37.33 37.33 37.33 37.28 37.28 37.27 37.26 37.22 37.22 37.31 37.36 37.39 37.39 37.40 37.37 37.31 37.26 37.30 37.28 37.28 37.25 37.20 37.17 37.13 37.09 36.88 36.85 36.95 36.94 37.09 37.19 37.24 37.20 37.09 36.95 37.08 37.12 37.07 36.95 37.10
36.84 36.81 36.77 36.89 36.85 36.85 36.81 36.86 36.87 36.85 36.89 36.82 36.91 36.93 36.90 36.93 36.96 37.02 37.08 37.06 37.09 37.11 37.11 37.12 37.12 37.13 37.15 37.11 37.16 37.24 37.26 37.28 37.29 37.35 37.33 37.28 37.35 37.34 37.34 37.29 37.26 37.22 37.20 37.13 37.17 37.25 37.32 37.37 37.38 37.39 37.40 37.36 37.19 37.32 37.30 37.27 37.25 37.19 37.13 37.11 37.11 36.93 36.69 36.95 36.90 37.07 37.15 37.22 37.23 37.14 37.06 37.11 37.12 37.17 37.12 37.10 37.10
36.77 36.81 36.86 36.88 36.83 36.83 36.76 36.84 36.80 36.78 36.84 36.88 36.92 36.94 36.92 36.98 37.04 37.07 37.09 37.09 37.10 37.10 37.12 37.13 37.14 37.07 37.16 37.18 37.22 37.21 37.25 37.27 37.30 37.36 37.34 37.34 37.32 37.34 37.31 37.28 37.28 37.25 37.23 37.04 37.20 37.26 37.34 37.37 37.39 37.40 37.39 37.33 37.27 37.31 37.29 37.26 37.20 37.15 36.99 36.93 36.89 36.89 36.90 37.01 37.11 37.15 37.22 37.25 37.27 37.24 37.24 37.20 37.12 37.06 37.18 37.24 37.26
36.77 36.85 36.89 36.86 36.83 36.78 36.85 36.84 36.77 36.81 36.85 36.87 36.89 36.96 36.96 36.99 37.05 37.08 37.09 37.10 37.11 37.11 37.12 37.11 37.07 37.14 37.17 37.18 37.24 37.23 37.25 37.26 37.32 37.32 37.34 37.29 37.33 37.35 37.35 37.33 37.28 37.26 37.25 37.18 37.25 37.30 37.35 37.38 37.39 37.38 37.36 37.34 37.33 37.28 37.26 37.15 37.02 37.03 37.05 36.83 36.90 37.01 36.89 36.97 37.21 37.24 37.26 37.28 37.30 37.30 37.26 37.17 37.06 37.02 37.23 37.25 37.26
36.84 36.88 36.89 36.83 36.75 36.86 36.87 36.81 36.81 36.83 36.89 36.88 36.93 36.97 36.99 37.01 37.08 37.09 37.10 37.03 37.10 37.13 37.12 37.12 37.04 37.08 37.11 37.17 37.24 37.23 37.26 37.28 37.32 37.34 37.34 37.33 37.37 37.38 37.32 37.31 37.30 37.25 37.26 37.22 37.22 37.33 37.35 37.38 37.37 37.37 37.35 37.33 37.29 37.26 37.20 37.20 37.14 37.03 37.01 36.82 36.81 37.13 37.05 37.16 37.18 37.28 37.29 37.29 37.29 37.31 37.29 37.22 36.98 37.04 37.29 37.29 37.29
36.81 36.81 36.90 36.91 36.91 36.89 36.82 36.84 36.87 36.89 36.94 36.95 36.95 36.99 37.03 37.08 37.09 37.09 37.11 37.09 37.04 37.11 37.09 37.07 37.10 37.13 37.18 37.23 37.22 37.24 37.26 37.27 37.29 37.31 37.33 37.37 37.30 37.28 37.35 37.33 37.32 37.29 37.26 37.19 37.29 37.33 37.36 37.35 37.37 37.36 37.34 37.29 37.22 37.06 37.16 37.21 37.21 37.15 37.02 36.84 36.89 37.07 37.20 37.20 37.27 37.30 37.29 37.30 37.30 37.32 37.29 37.25 37.15 37.03 37.26 37.31 37.29
36.78 36.82 36.87 36.92 36.90 36.85 36.81 36.86 36.88 36.95 36.94 36.96 37.04 37.06 37.09 37.09 37.05 37.03 37.07 37.12 37.03 37.04 37.08 37.13 37.17 37.10 37.20 37.22 37.22 37.25 37.25 37.27 37.28 37.31 37.32 37.33 37.28 37.29 37.32 37.29 37.34 37.32 37.26 37.17 37.28 37.32 37.36 37.38 37.32 37.33 37.31 37.22 37.14 36.96 37.23 37.23 37.21 37.12 36.87 36.90 37.02 37.02 37.17 37.24 37.26 37.31 37.33 37.31 37.31 37.32 37.31 37.25 37.14 37.18 37.22 37.30 37.26
