data/latest.grid
ncols 886
nrows 691
xllcenter 112.0000
yllcenter -44.5000
cellsize 0.0500
nodata_value 99999.90
[rows 646 to 679 of 691, columns 539 to 615 of 886]
14.20 14.24 14.27 14.32 14.36 14.40 14.44 14.49 14.54 14.58 14.63 14.68 14.72 14.77 14.82 14.87 14.91 14.96 15.02 15.07 15.13 15.18 15.23 15.28 15.33 15.39 15.44 15.49 15.53 15.58 15.64 15.68 15.73 15.78 15.83 15.88 15.93 15.98 16.02 16.07 16.13 16.17 16.22 16.27 16.32 16.36 16.41 16.46 16.51 16.56 16.61 16.66 16.71 16.75 16.80 16.86 16.90 16.95 17.00 17.05 17.10 17.14 17.19 17.24 17.29 17.35 17.39 17.44 17.48 17.54 17.59 17.63 17.68 17.74 17.79 17.84 17.88
14.18 14.22 14.27 14.31 14.35 14.39 14.44 14.48 14.53 14.57 14.61 14.66 14.71 14.76 14.81 14.86 14.91 14.96 15.02 15.07 15.12 15.17 15.23 15.29 15.33 15.38 15.43 15.48 15.52 15.58 15.62 15.67 15.72 15.77 15.81 15.87 15.91 15.96 16.01 16.06 16.11 16.15 16.20 16.25 16.30 16.34 16.39 16.44 16.49 16.54 16.59 16.64 16.68 16.73 16.78 16.82 16.88 16.92 16.97 17.01 17.07 17.11 17.17 17.21 17.25 17.31 17.36 17.40 17.45 17.49 17.55 17.60 17.64 17.69 17.74 17.80 17.85
14.17 14.22 14.25 14.30 14.34 14.39 14.43 14.47 14.51 14.56 14.61 14.65 14.70 14.75 14.80 14.84 14.90 14.95 15.00 15.06 15.11 15.16 15.22 15.27 15.33 15.37 15.42 15.47 15.52 15.57 15.61 15.66 15.71 15.76 15.81 15.85 15.90 15.95 16.00 16.04 16.09 16.13 16.18 16.23 16.28 16.32 16.37 16.42 16.47 16.52 16.56 16.61 16.66 16.70 16.75 16.80 16.84 16.90 16.94 16.98 17.03 17.08 17.13 17.17 17.22 17.26 17.32 17.36 17.41 17.46 17.50 17.55 17.61 17.65 17.70 17.75 17.80
14.17 14.20 14.25 14.29 14.34 14.37 14.42 14.46 14.51 14.55 14.60 14.65 14.70 14.74 14.79 14.84 14.89 14.93 14.99 15.04 15.09 15.15 15.20 15.26 15.31 15.36 15.42 15.46 15.51 15.56 15.60 15.65 15.70 15.74 15.79 15.84 15.89 15.93 15.98 16.02 16.07 16.12 16.17 16.21 16.26 16.30 16.35 16.40 16.45 16.49 16.54 16.59 16.63 16.68 16.72 16.77 16.81 16.86 16.90 16.96 17.00 17.04 17.10 17.14 17.18 17.23 17.27 17.33 17.38 17.42 17.47 17.51 17.56 17.61 17.65 17.70 17.76
14.15 14.20 14.24 14.28 14.32 14.37 14.41 14.46 14.49 14.54 14.59 14.63 14.68 14.73 14.77 14.82 14.88 14.93 14.98 15.03 15.09 15.14 15.20 15.25 15.31 15.36 15.41 15.45 15.50 15.54 15.60 15.64 15.68 15.74 15.78 15.82 15.87 15.91 15.96 16.01 16.06 16.11 16.14 16.19 16.24 16.28 16.33 16.38 16.42 16.47 16.52 16.56 16.61 16.65 16.70 16.74 16.79 16.83 16.87 16.92 16.97 17.01 17.05 17.11 17.15 17.19 17.24 17.28 17.33 17.37 17.42 17.48 17.52 17.57 17.61 17.66 17.71
14.14 14.18 14.23 14.27 14.32 14.36 14.40 14.44 14.49 14.53 14.58 14.63 14.67 14.72 14.77 14.82 14.86 14.91 14.96 15.02 15.07 15.13 15.18 15.23 15.29 15.35 15.40 15.44 15.49 15.54 15.58 15.63 15.68 15.72 15.76 15.81 15.85 15.90 15.95 15.99 16.04 16.08 16.12 16.17 16.22 16.26 16.30 16.35 16.40 16.44 16.49 16.52 16.58 16.61 16.66 16.71 16.76 16.80 16.84 16.89 16.93 16.98 17.02 17.06 17.12 17.16 17.20 17.25 17.29 17.34 17.38 17.43 17.48 17.52 17.57 17.61 17.66
14.13 14.18 14.22 14.26 14.30 14.35 14.39 14.44 14.47 14.52 14.56 14.61 14.66 14.71 14.75 14.80 14.85 14.91 14.96 15.00 15.05 15.11 15.16 15.22 15.27 15.33 15.38 15.44 15.48 15.52 15.57 15.62 15.66 15.70 15.74 15.80 15.84 15.89 15.93 15.97 16.01 16.06 16.10 16.15 16.20 16.24 16.28 16.33 16.37 16.42 16.45 16.50 16.54 16.59 16.63 16.67 16.72 16.76 16.81 16.85 16.90 16.94 16.98 17.03 17.07 17.11 17.16 17.20 17.25 17.29 17.34 17.38 17.43 17.47 17.52 17.57 17.61
14.12 14.16 14.21 14.25 14.30 14.34 14.38 14.42 14.47 14.51 14.56 14.61 14.65 14.69 14.75 14.79 14.84 14.89 14.94 14.99 15.04 15.10 15.15 15.21 15.26 15.32 15.37 15.42 15.47 15.51 15.55 15.60 15.64 15.69 15.74 15.78 15.82 15.87 15.90 15.95 15.99 16.04 16.09 16.12 16.17 16.21 16.25 16.30 16.34 16.39 16.42 16.47 16.51 16.56 16.60 16.64 16.69 16.73 16.77 16.82 16.86 16.91 16.95 16.99 17.04 17.08 17.12 17.17 17.21 17.26 17.30 17.34 17.39 17.43 17.47 17.52 17.56
14.10 14.15 14.19 14.24 14.28 14.33 14.37 14.41 14.45 14.50 14.54 14.59 14.64 14.69 14.73 14.78 14.83 14.88 14.92 14.97 15.02 15.08 15.13 15.18 15.24 15.29 15.35 15.40 15.45 15.50 15.54 15.58 15.63 15.68 15.72 15.76 15.81 15.84 15.88 15.93 15.97 16.02 16.06 16.10 16.15 16.19 16.23 16.27 16.32 16.36 16.40 16.44 16.48 16.53 16.57 16.61 16.65 16.70 16.74 16.78 16.82 16.87 16.91 16.95 16.99 17.04 17.08 17.12 17.17 17.21 17.25 17.30 17.34 17.39 17.42 17.47 17.52
14.08 14.12 14.18 14.22 14.27 14.31 14.36 14.40 14.45 14.48 14.53 14.58 14.62 14.67 14.72 14.76 14.81 14.86 14.91 14.96 15.01 15.06 15.12 15.16 15.22 15.28 15.33 15.39 15.44 15.48 15.53 15.57 15.62 15.66 15.70 15.74 15.78 15.82 15.87 15.91 15.95 15.99 16.04 16.07 16.12 16.16 16.20 16.24 16.29 16.33 16.37 16.41 16.45 16.50 16.54 16.58 16.62 16.66 16.71 16.75 16.79 16.83 16.87 16.92 16.96 17.00 17.04 17.09 17.12 17.16 17.21 17.25 17.30 17.34 17.39 17.42 17.47
14.07 14.11 14.15 14.21 14.25 14.30 14.34 14.39 14.43 14.48 14.52 14.56 14.61 14.66 14.70 14.75 14.80 14.85 14.89 14.94 14.99 15.04 15.10 15.15 15.20 15.26 15.31 15.36 15.42 15.47 15.51 15.56 15.60 15.64 15.67 15.72 15.76 15.80 15.85 15.88 15.93 15.97 16.01 16.05 16.09 16.14 16.17 16.22 16.26 16.30 16.34 16.38 16.42 16.46 16.51 16.55 16.59 16.63 16.67 16.71 16.75 16.79 16.83 16.87 16.91 16.96 17.00 17.04 17.09 17.13 17.16 17.21 17.25 17.30 17.34 17.37 17.42
14.05 14.10 14.14 14.18 14.24 14.28 14.34 14.37 14.42 14.46 14.51 14.55 14.59 14.64 14.69 14.73 14.78 14.83 14.88 14.93 14.97 15.02 15.07 15.12 15.18 15.23 15.28 15.34 15.39 15.45 15.50 15.54 15.57 15.61 15.66 15.70 15.74 15.78 15.82 15.87 15.90 15.95 15.98 16.03 16.06 16.11 16.14 16.19 16.23 16.26 16.31 16.35 16.39 16.43 16.47 16.51 16.55 16.59 16.63 16.67 16.71 16.76 16.80 16.84 16.87 16.91 16.95 17.00 17.04 17.08 17.13 17.16 17.20 17.25 17.29 17.33 17.37
14.03 14.07 14.13 14.17 14.21 14.27 14.31 14.36 14.40 14.45 14.50 14.53 14.58 14.62 14.67 14.72 14.77 14.81 14.85 14.90 14.95 15.01 15.06 15.11 15.16 15.21 15.27 15.32 15.37 15.43 15.47 15.51 15.55 15.60 15.64 15.68 15.72 15.76 15.80 15.84 15.88 15.92 15.96 16.00 16.04 16.08 16.11 16.16 16.20 16.24 16.27 16.32 16.36 16.40 16.43 16.47 16.51 16.55 16.59 16.63 16.67 16.71 16.75 16.80 16.84 16.88 16.91 16.95 16.99 17.04 17.08 17.11 17.16 17.20 17.25 17.28 17.32
14.01 14.06 14.10 14.15 14.20 14.24 14.30 14.35 14.39 14.44 14.48 14.52 14.56 14.61 14.66 14.70 14.74 14.79 14.84 14.89 14.93 14.98 15.03 15.08 15.13 15.19 15.24 15.29 15.35 15.40 15.45 15.50 15.54 15.58 15.61 15.65 15.70 15.73 15.78 15.81 15.85 15.89 15.93 15.97 16.01 16.05 16.08 16.13 16.17 16.20 16.24 16.28 16.32 16.36 16.40 16.44 16.48 16.52 16.56 16.60 16.64 16.67 16.71 16.75 16.79 16.83 16.88 16.91 16.95 16.99 17.03 17.07 17.11 17.15 17.20 17.23 17.28
13.99 14.03 14.09 14.13 14.18 14.23 14.28 14.33 14.38 14.42 14.47 14.50 14.55 14.60 14.63 14.68 14.73 14.78 14.82 14.87 14.91 14.96 15.01 15.06 15.12 15.16 15.21 15.26 15.32 15.38 15.43 15.48 15.51 15.55 15.60 15.63 15.67 15.71 15.75 15.79 15.83 15.86 15.91 15.94 15.98 16.02 16.06 16.09 16.14 16.18 16.21 16.25 16.29 16.32 16.36 16.40 16.44 16.48 16.52 16.56 16.60 16.64 16.68 16.71 16.75 16.79 16.83 16.87 16.90 16.95 16.99 17.02 17.06 17.11 17.14 17.18 17.23
13.98 14.02 14.06 14.11 14.16 14.21 14.25 14.31 14.35 14.41 14.45 14.49 14.54 14.57 14.62 14.66 14.71 14.75 14.80 14.85 14.89 14.94 14.99 15.04 15.09 15.14 15.19 15.24 15.29 15.35 15.40 15.45 15.49 15.54 15.57 15.61 15.64 15.69 15.72 15.76 15.80 15.83 15.88 15.91 15.95 15.99 16.03 16.06 16.10 16.14 16.17 16.22 16.26 16.29 16.33 16.37 16.41 16.44 16.48 16.51 16.55 16.59 16.63 16.67 16.70 16.75 16.79 16.83 16.86 16.90 16.94 16.98 17.02 17.06 17.09 17.14 17.18
13.95 14.00 14.04 14.09 14.14 14.18 14.23 14.28 14.34 14.38 14.43 14.47 14.51 14.56 14.60 14.64 14.69 14.74 14.78 14.82 14.87 14.92 14.97 15.02 15.06 15.11 15.16 15.21 15.26 15.31 15.38 15.43 15.47 15.51 15.54 15.58 15.62 15.66 15.69 15.74 15.77 15.80 15.85 15.88 15.92 15.95 16.00 16.03 16.07 16.11 16.14 16.18 16.22 16.25 16.29 16.33 16.37 16.41 16.44 16.48 16.51 16.55 16.59 16.63 16.66 16.70 16.74 16.78 16.81 16.86 16.90 16.93 16.97 17.01 17.05 17.09 17.12
13.93 13.97 14.02 14.07 14.12 14.16 14.21 14.26 14.31 14.36 14.41 14.46 14.50 14.54 14.58 14.63 14.66 14.71 14.76 14.81 14.84 14.89 14.94 14.99 15.04 15.09 15.14 15.19 15.24 15.29 15.34 15.39 15.44 15.48 15.53 15.56 15.60 15.63 15.66 15.71 15.74 15.78 15.82 15.85 15.89 15.92 15.96 15.99 16.03 16.08 16.11 16.15 16.18 16.21 16.25 16.29 16.33 16.36 16.40 16.44 16.48 16.51 16.55 16.59 16.63 16.66 16.70 16.74 16.77 16.81 16.85 16.88 16.93 16.96 17.00 17.04 17.07
13.91 13.95 14.00 14.05 14.09 14.14 14.19 14.23 14.28 14.34 14.39 14.44 14.48 14.52 14.57 14.60 14.65 14.69 14.73 14.78 14.82 14.87 14.92 14.96 15.00 15.05 15.10 15.15 15.20 15.25 15.31 15.36 15.41 15.46 15.50 15.53 15.57 15.61 15.64 15.68 15.71 15.75 15.78 15.82 15.86 15.89 15.93 15.96 16.00 16.04 16.07 16.11 16.14 16.18 16.22 16.26 16.28 16.32 16.36 16.40 16.44 16.46 16.50 16.54 16.58 16.61 16.65 16.69 16.72 16.76 16.80 16.84 16.88 16.91 16.95 16.99 17.03
13.89 13.94 13.98 14.03 14.07 14.11 14.16 14.21 14.26 14.31 14.36 14.41 14.46 14.50 14.54 14.59 14.62 14.67 14.71 14.76 14.79 14.84 14.89 14.93 14.98 15.03 15.08 15.13 15.18 15.23 15.28 15.33 15.38 15.43 15.47 15.50 15.54 15.58 15.61 15.64 15.69 15.72 15.75 15.79 15.82 15.86 15.89 15.93 15.96 16.00 16.03 16.07 16.11 16.14 16.18 16.21 16.25 16.28 16.32 16.36 16.39 16.43 16.46 16.50 16.54 16.57 16.61 16.65 16.68 16.72 16.75 16.79 16.82 16.86 16.91 16.94 16.98
13.87 13.91 13.96 14.00 14.04 14.09 14.13 14.19 14.23 14.29 14.33 14.39 14.43 14.48 14.52 14.56 14.60 14.65 14.68 14.73 14.77 14.82 14.87 14.90 14.95 15.00 15.05 15.09 15.14 15.19 15.24 15.29 15.34 15.39 15.45 15.48 15.51 15.55 15.58 15.62 15.65 15.68 15.72 15.76 15.79 15.83 15.86 15.90 15.93 15.97 16.00 16.04 16.07 16.10 16.14 16.17 16.21 16.25 16.28 16.31 16.35 16.39 16.42 16.46 16.50 16.52 16.57 16.60 16.64 16.68 16.70 16.75 16.78 16.82 16.85 16.89 16.92
13.85 13.89 13.94 13.98 14.02 14.07 14.11 14.15 14.21 14.26 14.31 14.36 14.41 14.46 14.50 14.54 14.58 14.62 14.66 14.71 14.74 14.79 14.83 14.88 14.93 14.97 15.02 15.06 15.12 15.16 15.21 15.26 15.31 15.37 15.41 15.45 15.48 15.51 15.56 15.59 15.62 15.65 15.69 15.72 15.76 15.79 15.82 15.86 15.89 15.93 15.96 16.00 16.03 16.07 16.10 16.13 16.17 16.21 16.23 16.27 16.31 16.35 16.38 16.41 16.44 16.48 16.52 16.55 16.59 16.62 16.66 16.69 16.73 16.77 16.80 16.84 16.88
13.83 13.86 13.90 13.95 13.99 14.04 14.09 14.13 14.18 14.23 14.28 14.33 14.38 14.43 14.48 14.51 14.55 14.60 14.64 14.68 14.72 14.77 14.81 14.85 14.89 14.94 14.98 15.03 15.08 15.13 15.18 15.22 15.27 15.33 15.37 15.42 15.46 15.49 15.52 15.55 15.59 15.63 15.66 15.69 15.73 15.76 15.79 15.83 15.85 15.89 15.92 15.96 15.99 16.03 16.07 16.09 16.13 16.17 16.19 16.23 16.27 16.30 16.33 16.37 16.40 16.44 16.48 16.51 16.55 16.57 16.61 16.64 16.68 16.71 16.76 16.79 16.83
13.79 13.84 13.88 13.92 13.97 14.01 14.05 14.10 14.15 14.20 14.25 14.30 14.35 14.40 14.46 14.49 14.53 14.57 14.61 14.65 14.70 14.73 14.78 14.82 14.87 14.91 14.96 14.99 15.04 15.09 15.14 15.18 15.23 15.29 15.34 15.39 15.43 15.46 15.49 15.52 15.56 15.59 15.62 15.65 15.69 15.72 15.76 15.79 15.82 15.86 15.88 15.92 15.95 15.99 16.02 16.05 16.09 16.12 16.15 16.19 16.23 16.25 16.29 16.33 16.36 16.39 16.42 16.46 16.49 16.53 16.56 16.60 16.63 16.67 16.70 16.74 16.77
13.77 13.81 13.86 13.90 13.94 13.99 14.03 14.07 14.12 14.16 14.22 14.27 14.32 14.37 14.42 14.47 14.50 14.55 14.59 14.62 14.66 14.71 14.75 14.79 14.83 14.88 14.92 14.97 15.01 15.06 15.11 15.15 15.20 15.25 15.30 15.35 15.39 15.42 15.46 15.49 15.52 15.55 15.58 15.62 15.65 15.68 15.72 15.75 15.79 15.82 15.85 15.88 15.91 15.95 15.98 16.01 16.05 16.08 16.11 16.15 16.18 16.21 16.25 16.27 16.31 16.35 16.38 16.42 16.45 16.49 16.51 16.55 16.58 16.62 16.65 16.69 16.72
13.75 13.79 13.83 13.87 13.91 13.95 14.00 14.04 14.10 14.14 14.19 14.23 14.29 14.34 14.39 14.44 14.48 14.52 14.56 14.60 14.64 14.68 14.72 14.76 14.80 14.85 14.88 14.93 14.97 15.02 15.07 15.11 15.16 15.21 15.26 15.31 15.36 15.40 15.43 15.46 15.49 15.52 15.56 15.59 15.62 15.65 15.68 15.71 15.75 15.78 15.82 15.84 15.87 15.91 15.94 15.97 16.01 16.04 16.07 16.10 16.14 16.17 16.20 16.23 16.27 16.30 16.33 16.36 16.40 16.43 16.47 16.50 16.54 16.57 16.61 16.64 16.68
13.72 13.77 13.80 13.84 13.89 13.93 13.97 14.02 14.06 14.11 14.15 14.21 14.25 14.31 14.35 14.41 14.46 14.49 14.53 14.57 14.61 14.65 14.69 14.73 14.77 14.81 14.85 14.90 14.94 14.99 15.04 15.08 15.13 15.18 15.22 15.27 15.32 15.36 15.39 15.42 15.45 15.49 15.52 15.55 15.58 15.62 15.65 15.67 15.71 15.74 15.78 15.80 15.83 15.87 15.90 15.93 15.96 16.00 16.03 16.06 16.09 16.13 16.16 16.19 16.23 16.25 16.29 16.32 16.36 16.39 16.42 16.45 16.49 16.52 16.55 16.59 16.62
13.69 13.74 13.78 13.82 13.86 13.90 13.94 13.99 14.03 14.07 14.12 14.18 14.22 14.27 14.32 14.38 14.42 14.47 14.51 14.54 14.58 14.62 14.65 14.70 14.74 14.78 14.82 14.86 14.90 14.95 14.99 15.04 15.09 15.13 15.18 15.23 15.28 15.32 15.36 15.39 15.42 15.45 15.48 15.51 15.55 15.58 15.61 15.64 15.67 15.70 15.74 15.77 15.79 15.83 15.86 15.89 15.92 15.95 15.99 16.02 16.05 16.08 16.11 16.15 16.17 16.21 16.24 16.28 16.30 16.34 16.37 16.41 16.44 16.48 16.50 16.53 16.57
13.67 13.71 13.75 13.79 13.83 13.88 13.91 13.95 14.00 14.04 14.10 14.14 14.19 14.23 14.29 14.33 14.39 14.43 14.47 14.51 14.55 14.59 14.63 14.67 14.70 14.74 14.79 14.83 14.87 14.92 14.96 15.01 15.04 15.09 15.13 15.18 15.23 15.29 15.33 15.36 15.39 15.42 15.45 15.47 15.51 15.54 15.57 15.61 15.63 15.66 15.70 15.72 15.76 15.79 15.81 15.85 15.88 15.91 15.94 15.98 16.00 16.04 16.07 16.10 16.13 16.17 16.19 16.23 16.26 16.30 16.32 16.35 16.39 16.42 16.46 16.49 16.51
13.65 13.68 13.72 13.76 13.80 13.84 13.89 13.93 13.96 14.01 14.06 14.11 14.15 14.20 14.25 14.30 14.36 14.40 14.45 14.48 14.52 14.56 14.59 14.63 14.67 14.71 14.76 14.79 14.83 14.88 14.92 14.96 15.01 15.05 15.10 15.15 15.19 15.24 15.29 15.32 15.35 15.38 15.42 15.44 15.47 15.50 15.54 15.57 15.59 15.62 15.66 15.68 15.71 15.75 15.77 15.81 15.84 15.87 15.90 15.93 15.96 15.99 16.02 16.05 16.09 16.11 16.15 16.18 16.21 16.24 16.28 16.31 16.34 16.37 16.40 16.44 16.47
13.62 13.66 13.69 13.73 13.77 13.81 13.85 13.90 13.94 13.99 14.03 14.07 14.12 14.16 14.21 14.27 14.31 14.37 14.41 14.45 14.49 14.52 14.56 14.60 14.63 14.68 14.72 14.76 14.80 14.84 14.88 14.92 14.96 15.01 15.05 15.10 15.15 15.19 15.24 15.28 15.32 15.35 15.38 15.41 15.43 15.46 15.50 15.53 15.55 15.59 15.62 15.64 15.67 15.71 15.73 15.77 15.79 15.83 15.86 15.89 15.92 15.95 15.98 16.01 16.05 16.07 16.11 16.13 16.16 16.20 16.23 16.26 16.29 16.32 16.36 16.38 16.42
13.59 13.63 13.67 13.70 13.74 13.78 13.82 13.87 13.91 13.94 13.99 14.03 14.09 14.13 14.18 14.22 14.28 14.32 14.38 14.42 14.45 14.49 14.53 14.56 14.60 14.65 14.69 14.72 14.76 14.80 14.84 14.89 14.93 14.97 15.02 15.06 15.11 15.15 15.20 15.25 15.28 15.31 15.34 15.37 15.39 15.43 15.46 15.49 15.51 15.55 15.58 15.60 15.64 15.66 15.69 15.73 15.75 15.79 15.81 15.85 15.87 15.90 15.93 15.97 15.99 16.03 16.05 16.09 16.12 16.14 16.18 16.21 16.24 16.27 16.30 16.34 16.36
13.56 13.59 13.64 13.67 13.71 13.76 13.79 13.83 13.88 13.91 13.96 14.00 14.04 14.09 14.13 14.19 14.23 14.28 14.34 14.38 14.43 14.46 14.50 14.53 14.57 14.60 14.64 14.69 14.73 14.77 14.80 14.84 14.89 14.93 14.97 15.02 15.06 15.11 15.15 15.20 15.24 15.27 15.30 15.34 15.36 15.39 15.42 15.44 15.47 15.51 15.53 15.56 15.60 15.62 15.65 15.68 15.71 15.75 15.77 15.80 15.83 15.86 15.89 15.92 15.95 15.97 16.01 16.04 16.07 16.10 16.14 16.16 16.19 16.23 16.25 16.28 16.32
13.52 13.57 13.61 13.65 13.68 13.72 13.76 13.80 13.84 13.88 13.92 13.97 14.01 14.06 14.10 14.15 14.19 14.25 14.29 14.35 14.39 14.43 14.47 14.49 14.53 14.57 14.61 14.64 14.68 14.72 14.77 14.81 14.85 14.88 14.93 14.97 15.01 15.06 15.10 15.15 15.19 15.23 15.27 15.30 15.32 15.35 15.38 15.40 15.44 15.47 15.49 15.52 15.56 15.58 15.61 15.64 15.67 15.69 15.73 15.75 15.79 15.81 15.85 15.87 15.91 15.93 15.97 15.99 16.02 16.05 16.08 16.11 16.14 16.17 16.21 16.23 16.26
