data/latest.grid
ncols 886
nrows 691
xllcenter 112.0000
yllcenter -44.5000
cellsize 0.0500
nodata_value 99999.90
[rows 136 to 169 of 691, columns 693 to 769 of 886]
31.15 31.10 31.04 30.98 30.91 30.84 30.76 30.68 30.58 30.49 30.39 30.30 30.22 30.13 30.05 29.98 29.91 29.85 29.80 29.75 29.71 29.67 29.64 29.61 29.58 29.55 29.53 29.51 29.48 29.46 29.45 29.43 29.41 29.40 29.40 29.39 29.39 29.38 29.40 29.41 29.42 29.45 29.48 29.52 29.57 29.63 29.69 29.77 29.84 29.92 30.01 30.09 30.16 30.24 30.31 30.37 30.44 30.49 30.53 30.57 30.61 30.64 30.66 30.69 30.71 30.72 30.73 30.74 30.75 30.75 30.75 30.75 30.74 30.74 30.73 30.73 30.71
31.15 31.10 31.04 30.98 30.92 30.84 30.77 30.68 30.59 30.50 30.41 30.31 30.23 30.14 30.06 29.99 29.91 29.86 29.80 29.75 29.71 29.66 29.63 29.60 29.57 29.54 29.52 29.50 29.47 29.45 29.44 29.42 29.40 29.39 29.39 29.38 29.37 29.37 29.37 29.38 29.40 29.41 29.45 29.48 29.52 29.58 29.63 29.70 29.78 29.85 29.93 30.01 30.09 30.17 30.24 30.30 30.37 30.43 30.48 30.52 30.55 30.59 30.62 30.64 30.65 30.68 30.68 30.69 30.70 30.70 30.70 30.71 30.71 30.70 30.69 30.68 30.66
31.14 31.08 31.04 30.97 30.91 30.84 30.77 30.69 30.60 30.51 30.42 30.34 30.24 30.15 30.07 29.99 29.92 29.86 29.80 29.75 29.71 29.66 29.63 29.59 29.56 29.54 29.51 29.49 29.47 29.45 29.43 29.41 29.39 29.38 29.36 29.36 29.35 29.35 29.35 29.36 29.37 29.39 29.41 29.43 29.48 29.52 29.57 29.64 29.70 29.78 29.86 29.94 30.01 30.09 30.16 30.24 30.30 30.36 30.41 30.46 30.50 30.53 30.56 30.58 30.61 30.62 30.63 30.65 30.66 30.66 30.67 30.66 30.66 30.66 30.64 30.62 30.57
31.13 31.08 31.02 30.97 30.91 30.84 30.78 30.70 30.61 30.52 30.43 30.35 30.26 30.16 30.08 30.00 29.93 29.86 29.80 29.75 29.71 29.67 29.62 29.59 29.56 29.53 29.50 29.48 29.46 29.44 29.42 29.40 29.38 29.36 29.35 29.34 29.34 29.33 29.33 29.33 29.34 29.36 29.37 29.40 29.43 29.47 29.52 29.57 29.63 29.71 29.78 29.85 29.93 30.01 30.09 30.16 30.23 30.29 30.34 30.39 30.43 30.47 30.50 30.53 30.55 30.58 30.59 30.60 30.61 30.61 30.61 30.61 30.61 30.59 30.56 30.52 30.48
31.12 31.07 31.02 30.97 30.90 30.84 30.78 30.71 30.62 30.54 30.45 30.36 30.27 30.18 30.10 30.01 29.93 29.87 29.81 29.75 29.71 29.66 29.62 29.58 29.55 29.52 29.50 29.47 29.45 29.43 29.41 29.39 29.37 29.35 29.34 29.33 29.32 29.32 29.31 29.31 29.31 29.32 29.34 29.36 29.39 29.42 29.46 29.52 29.57 29.63 29.70 29.77 29.84 29.93 30.00 30.08 30.14 30.21 30.27 30.32 30.36 30.40 30.44 30.47 30.50 30.52 30.53 30.55 30.56 30.56 30.56 30.54 30.52 30.49 30.47 30.42 30.39
31.11 31.06 31.02 30.96 30.91 30.84 30.78 30.71 30.63 30.55 30.46 30.37 30.28 30.20 30.11 30.02 29.95 29.87 29.81 29.75 29.70 29.66 29.62 29.59 29.55 29.52 29.49 29.46 29.44 29.42 29.40 29.38 29.36 29.34 29.33 29.32 29.31 29.30 29.29 29.29 29.29 29.30 29.30 29.33 29.35 29.38 29.41 29.45 29.50 29.56 29.63 29.69 29.77 29.84 29.91 29.98 30.05 30.12 30.18 30.23 30.28 30.32 30.36 30.39 30.42 30.44 30.45 30.46 30.46 30.46 30.45 30.44 30.42 30.40 30.36 30.33 30.29
31.09 31.05 31.01 30.95 30.90 30.84 30.78 30.71 30.64 30.56 30.47 30.38 30.30 30.21 30.12 30.04 29.96 29.89 29.82 29.76 29.70 29.66 29.62 29.58 29.55 29.52 29.48 29.46 29.43 29.41 29.39 29.37 29.35 29.33 29.31 29.30 29.30 29.29 29.28 29.27 29.27 29.27 29.28 29.29 29.30 29.34 29.36 29.40 29.44 29.49 29.55 29.61 29.68 29.75 29.82 29.89 29.96 30.02 30.08 30.13 30.18 30.23 30.26 30.29 30.31 30.33 30.35 30.36 30.36 30.35 30.35 30.33 30.32 30.29 30.27 30.23 30.20
31.08 31.04 30.99 30.95 30.89 30.84 30.78 30.71 30.64 30.57 30.49 30.40 30.31 30.22 30.14 30.05 29.96 29.89 29.83 29.76 29.71 29.67 29.62 29.58 29.55 29.51 29.49 29.46 29.43 29.41 29.38 29.36 29.34 29.33 29.30 29.30 29.28 29.27 29.26 29.25 29.25 29.25 29.25 29.26 29.27 29.29 29.31 29.34 29.39 29.43 29.48 29.54 29.59 29.66 29.73 29.80 29.87 29.93 29.99 30.03 30.08 30.11 30.15 30.18 30.21 30.23 30.24 30.24 30.26 30.25 30.24 30.23 30.21 30.20 30.17 30.14 30.12
31.07 31.03 30.98 30.94 30.89 30.83 30.77 30.71 30.64 30.57 30.49 30.40 30.32 30.23 30.14 30.05 29.98 29.91 29.83 29.77 29.71 29.66 29.62 29.58 29.54 29.51 29.48 29.45 29.43 29.40 29.38 29.36 29.34 29.32 29.30 29.29 29.27 29.26 29.25 29.24 29.23 29.23 29.23 29.23 29.24 29.25 29.27 29.29 29.33 29.36 29.41 29.46 29.52 29.58 29.64 29.71 29.78 29.84 29.89 29.94 29.98 30.02 30.06 30.08 30.11 30.13 30.14 30.15 30.15 30.15 30.14 30.13 30.12 30.11 30.08 30.06 30.03
31.06 31.02 30.98 30.93 30.88 30.83 30.78 30.72 30.65 30.58 30.50 30.42 30.33 30.24 30.16 30.07 29.99 29.91 29.84 29.77 29.72 29.67 29.62 29.58 29.54 29.51 29.47 29.44 29.42 29.39 29.37 29.35 29.33 29.31 29.29 29.27 29.26 29.24 29.23 29.22 29.21 29.21 29.20 29.21 29.21 29.22 29.23 29.25 29.28 29.31 29.34 29.38 29.44 29.50 29.57 29.64 29.69 29.75 29.80 29.85 29.89 29.93 29.96 29.99 30.01 30.03 30.04 30.05 30.05 30.05 30.05 30.04 30.03 30.01 30.00 29.98 29.95
31.05 31.01 30.97 30.92 30.88 30.83 30.78 30.71 30.65 30.58 30.50 30.43 30.34 30.25 30.16 30.08 30.00 29.92 29.85 29.78 29.73 29.67 29.62 29.58 29.54 29.51 29.48 29.45 29.42 29.39 29.36 29.34 29.32 29.30 29.28 29.26 29.25 29.23 29.22 29.21 29.20 29.19 29.18 29.18 29.18 29.19 29.20 29.20 29.22 29.25 29.28 29.32 29.37 29.42 29.49 29.56 29.61 29.67 29.72 29.76 29.81 29.84 29.88 29.90 29.92 29.93 29.95 29.96 29.97 29.97 29.95 29.95 29.94 29.93 29.92 29.89 29.88
31.04 31.00 30.96 30.91 30.87 30.83 30.77 30.71 30.65 30.58 30.51 30.43 30.35 30.27 30.18 30.10 30.01 29.94 29.86 29.79 29.73 29.68 29.62 29.58 29.54 29.51 29.48 29.44 29.41 29.39 29.37 29.34 29.32 29.30 29.27 29.25 29.24 29.22 29.21 29.19 29.18 29.17 29.16 29.16 29.16 29.15 29.16 29.17 29.18 29.20 29.23 29.25 29.30 29.36 29.43 29.48 29.54 29.59 29.64 29.68 29.73 29.76 29.79 29.82 29.84 29.85 29.86 29.88 29.88 29.87 29.87 29.87 29.86 29.85 29.83 29.82 29.81
31.03 31.00 30.95 30.92 30.86 30.82 30.77 30.71 30.65 30.58 30.51 30.43 30.36 30.28 30.19 30.11 30.02 29.94 29.87 29.79 29.73 29.67 29.63 29.59 29.55 29.50 29.47 29.44 29.42 29.39 29.36 29.34 29.31 29.29 29.27 29.25 29.24 29.21 29.19 29.18 29.17 29.16 29.15 29.14 29.13 29.13 29.13 29.13 29.15 29.16 29.17 29.20 29.24 29.29 29.36 29.42 29.47 29.53 29.57 29.61 29.65 29.68 29.72 29.74 29.76 29.77 29.78 29.79 29.80 29.80 29.80 29.79 29.79 29.78 29.76 29.75 29.74
31.03 30.99 30.95 30.91 30.87 30.81 30.77 30.71 30.66 30.59 30.51 30.45 30.37 30.28 30.20 30.12 30.03 29.94 29.87 29.80 29.74 29.68 29.63 29.59 29.54 29.51 29.48 29.45 29.41 29.38 29.36 29.34 29.32 29.29 29.26 29.24 29.23 29.21 29.19 29.17 29.15 29.14 29.13 29.12 29.12 29.10 29.10 29.11 29.11 29.11 29.13 29.15 29.18 29.24 29.29 29.35 29.40 29.46 29.50 29.55 29.58 29.61 29.65 29.67 29.69 29.70 29.71 29.72 29.72 29.73 29.73 29.72 29.72 29.70 29.70 29.69 29.67
31.03 30.99 30.94 30.91 30.86 30.81 30.76 30.71 30.65 30.59 30.52 30.45 30.37 30.29 30.20 30.12 30.04 29.95 29.88 29.81 29.75 29.68 29.64 29.58 29.55 29.51 29.48 29.44 29.41 29.39 29.36 29.33 29.31 29.29 29.27 29.25 29.22 29.20 29.18 29.17 29.15 29.13 29.12 29.11 29.10 29.08 29.08 29.08 29.07 29.08 29.09 29.10 29.13 29.18 29.24 29.29 29.35 29.40 29.45 29.48 29.52 29.55 29.58 29.60 29.62 29.63 29.64 29.65 29.66 29.66 29.66 29.66 29.66 29.64 29.63 29.63 29.61
31.03 30.99 30.94 30.91 30.86 30.82 30.76 30.71 30.66 30.59 30.52 30.45 30.37 30.29 30.21 30.13 30.04 29.96 29.89 29.81 29.75 29.69 29.64 29.59 29.55 29.52 29.48 29.44 29.42 29.39 29.36 29.33 29.31 29.29 29.26 29.24 29.22 29.20 29.18 29.15 29.14 29.12 29.10 29.09 29.08 29.06 29.06 29.06 29.05 29.05 29.05 29.06 29.08 29.14 29.19 29.25 29.30 29.35 29.39 29.43 29.46 29.50 29.52 29.54 29.56 29.57 29.58 29.59 29.59 29.60 29.60 29.60 29.59 29.58 29.58 29.57 29.55
31.03 30.99 30.95 30.90 30.86 30.80 30.76 30.71 30.65 30.59 30.53 30.46 30.38 30.30 30.22 30.13 30.05 29.97 29.89 29.83 29.76 29.70 29.65 29.60 29.55 29.52 29.49 29.45 29.42 29.39 29.36 29.34 29.31 29.28 29.26 29.24 29.22 29.19 29.17 29.15 29.13 29.11 29.10 29.08 29.07 29.05 29.04 29.03 29.02 29.02 29.02 29.03 29.04 29.10 29.15 29.20 29.26 29.30 29.34 29.38 29.41 29.44 29.46 29.48 29.50 29.51 29.52 29.53 29.54 29.54 29.54 29.54 29.53 29.53 29.52 29.51 29.50
31.03 30.99 30.95 30.90 30.85 30.81 30.76 30.70 30.65 30.59 30.52 30.45 30.38 30.30 30.22 30.13 30.06 29.98 29.90 29.83 29.76 29.71 29.65 29.61 29.56 29.52 29.49 29.45 29.42 29.39 29.36 29.34 29.31 29.28 29.26 29.24 29.21 29.19 29.17 29.15 29.13 29.10 29.09 29.07 29.05 29.04 29.02 29.02 29.00 29.00 28.99 29.00 29.01 29.06 29.12 29.17 29.21 29.26 29.30 29.34 29.37 29.39 29.41 29.43 29.45 29.46 29.47 29.48 29.48 29.49 29.49 29.49 29.48 29.48 29.47 29.46 29.45
31.04 31.00 30.95 30.91 30.86 30.81 30.76 30.71 30.65 30.59 30.52 30.45 30.38 30.31 30.23 30.14 30.06 29.99 29.91 29.84 29.78 29.71 29.67 29.61 29.57 29.53 29.50 29.46 29.43 29.40 29.37 29.34 29.31 29.29 29.27 29.23 29.21 29.19 29.16 29.15 29.12 29.10 29.08 29.06 29.05 29.03 29.01 29.00 28.98 28.98 28.97 28.96 28.99 29.03 29.08 29.14 29.18 29.22 29.26 29.30 29.33 29.36 29.38 29.40 29.41 29.42 29.43 29.43 29.44 29.44 29.44 29.44 29.43 29.43 29.42 29.41 29.41
31.05 31.01 30.96 30.91 30.86 30.81 30.76 30.71 30.65 30.59 30.52 30.46 30.39 30.31 30.23 30.15 30.07 29.99 29.91 29.85 29.78 29.72 29.67 29.62 29.58 29.53 29.50 29.47 29.43 29.41 29.37 29.35 29.31 29.29 29.27 29.24 29.22 29.19 29.17 29.14 29.12 29.09 29.08 29.05 29.04 29.01 29.00 28.98 28.96 28.96 28.95 28.94 28.97 29.02 29.06 29.11 29.16 29.20 29.23 29.27 29.29 29.32 29.34 29.35 29.37 29.38 29.39 29.40 29.39 29.39 29.39 29.40 29.39 29.38 29.38 29.37 29.36
31.06 31.01 30.97 30.91 30.86 30.81 30.76 30.70 30.64 30.59 30.52 30.46 30.39 30.31 30.24 30.15 30.08 30.00 29.93 29.85 29.80 29.73 29.67 29.63 29.58 29.55 29.50 29.47 29.44 29.41 29.38 29.35 29.33 29.29 29.27 29.24 29.22 29.19 29.17 29.14 29.12 29.09 29.08 29.05 29.03 29.01 28.99 28.97 28.96 28.94 28.93 28.92 28.96 29.00 29.05 29.09 29.13 29.17 29.20 29.24 29.27 29.29 29.30 29.32 29.33 29.34 29.35 29.35 29.36 29.36 29.35 29.35 29.35 29.34 29.34 29.34 29.32
31.08 31.03 30.97 30.93 30.87 30.82 30.77 30.71 30.65 30.59 30.53 30.46 30.39 30.32 30.23 30.16 30.08 30.00 29.94 29.87 29.80 29.75 29.69 29.64 29.60 29.55 29.52 29.48 29.45 29.41 29.39 29.35 29.33 29.30 29.28 29.24 29.22 29.19 29.17 29.14 29.11 29.10 29.07 29.05 29.03 29.00 28.98 28.97 28.95 28.93 28.91 28.91 28.95 29.00 29.04 29.08 29.12 29.15 29.19 29.21 29.24 29.26 29.28 29.29 29.30 29.31 29.31 29.32 29.32 29.32 29.31 29.31 29.31 29.30 29.30 29.30 29.29
31.10 31.05 30.99 30.94 30.88 30.83 30.76 30.71 30.65 30.59 30.53 30.46 30.39 30.32 30.25 30.16 30.09 30.01 29.95 29.88 29.81 29.75 29.70 29.65 29.61 29.57 29.52 29.49 29.45 29.43 29.39 29.37 29.33 29.31 29.28 29.26 29.23 29.20 29.18 29.15 29.12 29.10 29.07 29.04 29.02 29.00 28.98 28.95 28.93 28.91 28.91 28.91 28.95 28.99 29.04 29.07 29.11 29.14 29.17 29.20 29.22 29.24 29.25 29.26 29.27 29.28 29.29 29.29 29.29 29.29 29.29 29.28 29.28 29.28 29.26 29.26 29.25
31.12 31.05 31.00 30.94 30.89 30.83 30.77 30.71 30.66 30.59 30.53 30.46 30.39 30.32 30.25 30.18 30.10 30.02 29.96 29.89 29.83 29.77 29.72 29.67 29.62 29.58 29.54 29.51 29.47 29.43 29.41 29.37 29.35 29.32 29.28 29.26 29.23 29.20 29.18 29.15 29.12 29.09 29.07 29.05 29.02 28.99 28.97 28.95 28.93 28.91 28.90 28.91 28.95 29.00 29.04 29.07 29.11 29.14 29.16 29.18 29.20 29.22 29.23 29.24 29.25 29.25 29.26 29.26 29.26 29.25 29.25 29.25 29.24 29.24 29.23 29.23 29.21
31.14 31.07 31.02 30.96 30.90 30.84 30.78 30.72 30.66 30.60 30.54 30.47 30.40 30.33 30.26 30.19 30.12 30.04 29.98 29.91 29.84 29.78 29.73 29.68 29.63 29.60 29.56 29.51 29.49 29.45 29.41 29.39 29.35 29.32 29.30 29.27 29.24 29.21 29.18 29.15 29.12 29.11 29.08 29.05 29.02 29.00 28.97 28.95 28.92 28.90 28.89 28.92 28.96 29.00 29.04 29.07 29.11 29.13 29.15 29.17 29.19 29.21 29.22 29.22 29.23 29.23 29.24 29.23 29.23 29.23 29.22 29.22 29.21 29.21 29.21 29.19 29.19
31.16 31.10 31.04 30.97 30.92 30.85 30.80 30.73 30.67 30.61 30.55 30.48 30.41 30.34 30.26 30.20 30.13 30.06 29.99 29.92 29.86 29.80 29.75 29.70 29.65 29.62 29.57 29.53 29.50 29.46 29.43 29.40 29.37 29.34 29.30 29.28 29.25 29.22 29.19 29.16 29.14 29.11 29.08 29.05 29.03 29.00 28.97 28.95 28.92 28.91 28.92 28.95 28.98 29.01 29.05 29.08 29.11 29.12 29.15 29.17 29.18 29.20 29.20 29.21 29.21 29.21 29.21 29.21 29.20 29.20 29.20 29.19 29.19 29.18 29.17 29.16 29.16
31.18 31.12 31.06 31.00 30.94 30.88 30.81 30.75 30.69 30.61 30.55 30.48 30.42 30.35 30.28 30.20 30.14 30.07 30.00 29.94 29.88 29.83 29.77 29.72 29.67 29.63 29.59 29.55 29.52 29.48 29.45 29.41 29.39 29.35 29.32 29.29 29.26 29.24 29.20 29.17 29.14 29.11 29.09 29.06 29.03 29.00 28.98 28.94 28.92 28.91 28.94 28.97 29.01 29.04 29.06 29.09 29.11 29.14 29.15 29.16 29.18 29.18 29.19 29.20 29.19 29.20 29.20 29.19 29.19 29.18 29.18 29.16 29.16 29.16 29.15 29.14 29.13
31.22 31.16 31.08 31.02 30.95 30.89 30.83 30.76 30.70 30.63 30.56 30.50 30.43 30.36 30.29 30.23 30.16 30.09 30.03 29.97 29.91 29.85 29.79 29.74 29.70 29.65 29.61 29.57 29.54 29.50 29.46 29.43 29.40 29.37 29.34 29.30 29.27 29.24 29.21 29.18 29.15 29.12 29.09 29.06 29.03 29.01 28.97 28.94 28.93 28.94 28.97 29.00 29.03 29.06 29.08 29.10 29.12 29.14 29.15 29.16 29.17 29.17 29.18 29.18 29.18 29.18 29.18 29.17 29.16 29.16 29.15 29.15 29.14 29.13 29.12 29.11 29.11
31.25 31.19 31.11 31.05 30.98 30.91 30.85 30.78 30.72 30.65 30.58 30.52 30.45 30.38 30.31 30.25 30.18 30.11 30.05 29.99 29.93 29.88 29.82 29.77 29.72 29.67 29.64 29.60 29.56 29.52 29.48 29.45 29.42 29.39 29.35 29.32 29.29 29.26 29.23 29.20 29.17 29.13 29.10 29.07 29.04 29.01 28.98 28.96 28.96 28.98 29.00 29.03 29.05 29.07 29.10 29.11 29.13 29.15 29.15 29.16 29.16 29.17 29.18 29.17 29.17 29.16 29.16 29.15 29.15 29.14 29.13 29.12 29.12 29.10 29.10 29.09 29.08
31.30 31.22 31.16 31.08 31.02 30.94 30.88 30.81 30.74 30.67 30.60 30.54 30.47 30.40 30.34 30.26 30.20 30.14 30.08 30.02 29.96 29.90 29.85 29.80 29.75 29.71 29.66 29.62 29.58 29.55 29.51 29.48 29.44 29.41 29.37 29.34 29.31 29.28 29.24 29.20 29.17 29.14 29.11 29.08 29.05 29.02 28.99 28.98 29.00 29.02 29.04 29.06 29.08 29.10 29.11 29.13 29.14 29.15 29.16 29.17 29.16 29.17 29.16 29.17 29.17 29.16 29.14 29.14 29.13 29.12 29.11 29.11 29.09 29.09 29.07 29.07 29.06
31.34 31.26 31.19 31.11 31.04 30.98 30.90 30.83 30.76 30.69 30.63 30.56 30.49 30.42 30.36 30.29 30.23 30.17 30.11 30.05 29.99 29.93 29.88 29.83 29.78 29.74 29.69 29.65 29.61 29.57 29.53 29.50 29.46 29.43 29.39 29.36 29.33 29.30 29.25 29.22 29.19 29.15 29.12 29.09 29.06 29.03 29.02 29.03 29.05 29.06 29.08 29.10 29.12 29.13 29.14 29.15 29.15 29.16 29.17 29.17 29.17 29.17 29.16 29.16 29.15 29.15 29.13 29.13 29.12 29.11 29.10 29.08 29.08 29.06 29.06 29.04 29.04
31.39 31.31 31.23 31.15 31.08 31.01 30.93 30.86 30.79 30.72 30.65 30.59 30.52 30.45 30.39 30.32 30.26 30.20 30.14 30.08 30.02 29.97 29.91 29.86 29.81 29.76 29.73 29.69 29.64 29.60 29.57 29.53 29.49 29.45 29.41 29.38 29.35 29.32 29.28 29.24 29.21 29.17 29.14 29.10 29.08 29.06 29.07 29.08 29.09 29.11 29.12 29.13 29.14 29.16 29.16 29.16 29.17 29.17 29.18 29.17 29.17 29.17 29.16 29.16 29.14 29.14 29.13 29.11 29.11 29.09 29.08 29.07 29.05 29.05 29.03 29.03 29.01
31.43 31.36 31.28 31.20 31.12 31.05 30.97 30.89 30.82 30.76 30.68 30.62 30.55 30.48 30.42 30.35 30.29 30.23 30.17 30.12 30.06 30.00 29.95 29.90 29.85 29.80 29.77 29.72 29.68 29.64 29.60 29.55 29.52 29.48 29.45 29.41 29.37 29.34 29.30 29.27 29.23 29.20 29.16 29.13 29.11 29.11 29.12 29.13 29.15 29.15 29.16 29.17 29.18 29.18 29.19 29.19 29.19 29.19 29.19 29.18 29.18 29.17 29.16 29.15 29.14 29.12 29.12 29.10 29.09 29.08 29.06 29.06 29.04 29.02 29.02 29.00 28.99
31.49 31.41 31.32 31.24 31.17 31.08 31.00 30.93 30.86 30.79 30.71 30.65 30.58 30.51 30.45 30.38 30.33 30.27 30.21 30.15 30.10 30.04 29.99 29.95 29.90 29.85 29.80 29.76 29.72 29.68 29.64 29.59 29.55 29.52 29.47 29.44 29.41 29.36 29.33 29.29 29.25 29.22 29.18 29.16 29.17 29.17 29.17 29.19 29.19 29.19 29.20 29.20 29.21 29.21 29.21 29.20 29.21 29.20 29.19 29.18 29.18 29.17 29.16 29.15 29.13 29.12 29.11 29.09 29.08 29.07 29.05 29.03 29.03 29.01 29.00 28.99 28.98
